69359134467011587307
74889323130115837619
35680533849048818893
14074454203996088333
47926087479560944051
54348465946916080351
94250089864409415571
52605385303022428339
76818431959960148219
36273189208542595417
93800876066161051493
68669134209155712139
85333566541160166629
51472012964880159623
48350324766898560251
30822554384187684499
34199128542686677181
29870413928461544327
80355410591074356839
80612864048827390447
13269576524107070927
23206867495255424707
94515588553040434567
37009412818272511681
94593163813762357417
94490504321805000481
87334251798102098233
14217220050352468139
64618516561362935417
31658464085562456533
98566620619411131079
92972153038028679223
11959871000368246201
11772020069601915719
52907652679897042813
10110870570720343471
10663485296054596519
50798328677429704177
88597042666809161413
23829027748747386871
48635494982520684047
89262027273656412061
98604455059602346487
16657097268809846171
80573505968591701111
53064622419846180881
67876178006709868139
54516774672839026217
99654804624995232271
43379248035794964947
53884788537763700423
99795921110446272997
91232012836385564459
36541446683398207633
28950503294402604469
44654152118553237269
67921296742684054477
87408478364421332641
31914094345369153171
26703182731349173573
45870500226475398679
57914479640986861951
57668593932569579537
58938068107274733857
58816105972673414483
30819013353404319889
16832120033889631021
15473636216327903629
14876919320684564219
35519124935386638757
57164128690441584079
76710081904623115967
94549895510935519051
37674567058899724867
26604066884639945219
50083941259235451679
99599757311266820437
87706997438871293251
88101406763297633417
34519501145026279493
56566134723627488243
48425497987573942163
31973865846347204497
91498157874333830999
74989939432609795513
91918948566419966009
94481815022862964253
13039198513257288241
19346895772261990349
17403514746176223529
80727203570274758543
81954075754801980491
68570453465508891887
55900523559112938533
24260345731456676459
34040215253206902589
78340814099095667309
70593238250790163697
89380806119324254939
85055077289202641281
88143611900846046247
84638387347245616639
15178185981424494359
63790376040762497227
81986098127231018983
98596097018355491273
96118547173543618523
53781608846005045549
99539109124515527237
93226007235867409439
89919439282733181427
33446471737522859189
19773716782265101433
13659603051839365693
22177471561048743179
87166589761717673737
77846583270165750863
11531353962560727151
76581024184989887921
30215175482755521281
40252575641812755937
10792711542133019533
18247862660757813319
19057706246839610899
10776408278332112443
34727883658538311429
13003956491177589827
23318567530531198243
22676174773586071063
85195864904382292259
10731514909448623919
51936863484770776843
86900125741709464697
32032028610758476637
11201980304227398299
41440788922124462009
13806554437650620351
66917163032454221917
51547709686651760069
78286539080807919643
42722571942934055647
13266371538184667999
38869601259974534927
99588572145272654293
82482864709852952717
91903343265985286239
43115748887811904853
45312069857458884523
64962048226737730141
75302977131937696571
98561266653674389231
13246923582520293829
78039097334318275843
65341586747375075063
68468980759655145091
76260255427075030429
33225678661615997923
64968110661176412143
10250340718374956713
39834899340031951591
19730940121117652137
19493020110287417713
15685655323617262979
82884805615686961717
65768446002716202773
77482229282427300701
12443907912495279617
14358728682177974569
65605823300754073709
79506628099421781539
47044977073176906157
20487462195124335181
10817849897276039939
56923288599906600511
43236752033434797163
41743468538530604099
99546493765491995317
55684350917121699371
70841021245241831383
24064091423908951253
62599362326601499849
72092053055602344649
12526107415224860473
20280244299597581281
70283619645642637459
94886845640764189927
72639591544558389067
18565794340496570689
17864462570879689631
56873269545092276501
37184977508392510051
47218926968107577987
36247077326798661881
15121134366837444571
75153504201523697101
60746681929231831957
45200926250220347657
70865681967216435493
18888602815703751257
69133549985102488861
75467687611420175311
98186319718086010373
13483267984434830539
13854745974744213853
17654251464473040727
18086915769488804881
34788702640263421849
37867875658650607751
74818294145006228489
20906834385432452621
96163644243606059077
54404052959753533103
27457005767054118517
61658692347057053861
71486084706394932929
81673068730650066077
74084704175798121919
19434012385963447231
91756905471268699127
55746401181722306579
10998033761786697209
43555758392955673091
44895103547497707169
35171534771063308619
63359817122719494541
13869155736797929933
12810967641542555269
19352735769927672481
78216065558490704123
98395423855706888809
12040116587613776671
54706259671743384041
33860909933368893223
89555185297773910153
35896263211019786983
36175552215309092771
69728283523358574809
96404640882862700807
46851973942206234853
19154961662828466697
41541380271263015971
52638228772758043699
23093577727813624237
58536630351223024883
81439766659900744853
25263230192289445717
59447346072664313909
66287647638200312227
62247344294811684143
74863910438901353701
17585461160280071501
15351430292529408953
36507043101101607137
77734283757971651989
92106955151698310363
69013691987221107881
18029280926540035409
65985455646801912421
87204418489512358219
47042197071294167693
72115182892123662299
57907825497775534651
54048017400373638767
75390457792519891753
39839990284058943469
85372042550957180567
12154431644127926837
40702423110287544803
10519619917170564241
93935376290740907089
37127749525723860511
96858002231124628163
72619713652050015449
32630707524468323587
68435270991907949147
53656698308334035281
20797033215966625183
80751030276310110919
95265863733862231463
23792791405415402729
12226221125125388281
16868981555932199549
97181091931763306087
46892167871165246477
83270881272209930657
17875171273275158707
89518226514803166439
61538322305915523641
95116769512981003391
17378649894314556517
74788359147145707223
19384357403866134829
50953049817325585817
18332484740988803479
71547394954103757179
74781838959366169457
25011090975998681473
50085215433920044691
88569302313246036169
91503974359296964103
25216079206275015001
19230603277047905123
88112397917904631769
58332112013642877721
95719815236477426857
22916797798748714281
84983863717948528313
73202302854732368287
18569354317417320427
23309234708395008833
37008100207118391133
91383774107618977753
40038739430889010237
47235088412959049497
90596235064075450967
53241200538842919601
15273091803544968791
48614288608237560149
38263004862088559171
59074738998499962691
62852955919931914481
38898967486234301423
58696939125640404751
14539393335749499589
19253984385511120237
72406086044483931959
57945216895294877077
34537052087287815937
43870015622804361427
91298330278561777141
78940580060308450879
31824055656250044331
55085643295470463783
71458916818603360861
19006510572183643567
12451309003976634559
80246648650883081459
48228695788431975449
97061569697972959787
68330384262423585877
37646055416601905681
11630810443660331831
91542072882646870907
18173956488087663223
64473115384917318917
30880870855588317191
82437387393516212791
93888398535688395337
62144741548303494551
14998537408319547701
43115636485927667689
89773245308717309849
71524602971318175901
22132970855360262253
61596660749496239051
36255721367656825709
73065663367484216417
97634240073034028953
97164611065702732187
79306107940434518903
41297101550975478127
16479966597725434313
95191934139878308247
66693523226715208903
82150275436738829591
80713447326359040881
12573184902356476823
30391491430675899059
53170629644826410989
52903641856141908973
38513620275305072071
26218548750177435167
97246312800155043307
48648673893257986441
76524879578312570599
15320979973892925209
10852280073899650157
79448555576022119189
20820513140334567017
64307589697014233201
72175971916205453603
22223862095292743801
95600881293160692049
13665907742443913783
94453402993303764989
78828838203063641963
46380765627827570879
81283089713084916407
80763038605616999959
10987800141100210469
77566398708890222497
20538363429421004509
69867801291415179001
81061449611594642557
11676662500211430847
35352398943375112019
38746424722157333539
58774370387791209829
78002656923071069407
44076112058591817227
90240999625265223349
31689866622005003947
65311639093476609439
20468120780362620793
50596159324106243083
27066653132005896413
16769970835342440113
76712849811499038413
72638662654927202131
42655406430253025677
94249392611226686429
10354896954151275481
37005501067062669949
31026194594010201269
20878091254301804881
87328610713961119033
67525559171160933191
34944448455173814569
42484702825405591129
81597027682199103163
42344939434520378993
72149422627733163749
75801232658694522911
89663986995624516799
51402098826785516813
28290210184153542973
13205288417379414263
49181841160356571273
17243876179614586213
18418848770811201529
89472803215050413443
58712960465085090379
14715508043670468313
67391752810392250337
47649794395450920941
97124050446278317373
14350496980834599041
47593857608176325441
82565274781000953217
53189206734968340199
56619987943644765923
61782085193296541629
15012606184501612679
19637791555317303607
15826775416305573431
27104047956518424893
35761249664638613309
72726886585705517819
35885937526359535267
12621945961691055929
15390019809458724037
14437843886861026591
63462672372337432981
91977669490384271987
36613797597960468091
68414612838835666231
75063376951609600303
97671519225164054449
31868456764842568139
24742104609402219757
89858864238618158917
59351939014916800573
94385255094095962933
72335497239281205071
39871808043235372957
41257396090434295441
14373017797847585141
33550232696625510941
17092335631200093587
10121871436563299417
88822757266554078193
68959466009357838527
62044499019918465217
35747153852438432731
67573016711285924723
86842420244516724037
12355381237103906591
15867316901974826789
44693932885697023429
76044373440217199959
86972162820370128491
88135133323527906307
98418134783924687597
96029627734426059253
49474753830681451561
22887861114099362561
94415866647212369867
49404833536486975219
35204791067595300523
37860925828928992733
64655538117980248141
56065217768665043227
94327478601129082457
15724206001556926501
89017687444172774867
42879129431161227637
76189851241880309953
79577440223144428451
39636828777877934791
38048472428167621559
67419679631351230019
15913850779432648457
66804215530409290559
23578761381748592531
24860097382228919579
74336992239225458257
85136016226996542053
96020915409672644161
66384599509868996591
48488483624639809237
11184744527230060357
26923213098313100953
41862471006558594163
11513837917570343291
19808907947945016883
92501797760398926587
20112831450879956051
14472001286084973473
92030322014640142013
68285259047003031499
25284807952671427541
66253282169351506193
42938307444382037939
89695108569165185951
84130144917168879097
97604377427858164583
57982270869186393449
14590462264277080757
67859241692200988891
65108401119164325737
31848944431638619357
48126052993094495557
67925148535527314047
89441010801686970817
41623172773217738783
82588551620161629143
86205770087708079223
37187449570428126317
54127100991310498511
13507906980881416031
33807523976007006587
34768516670935929547
81599994118258235209
14821462400293369081
12356473220785792841
17459045147832518521
85782881529376055839
71691979250849352191
10358334723586206451
61802081791596889033
78912723154394843017
85051250788392325103
40415705813562539149
45939411224616824141
36783931379211327221
22276533610983908077
13238340964086089629
10383827142814143461
82112810275389923741
80004077458533803579
50308500696731533063
61044737181497190151
86388291417704028443
12755488729225714331
88365887919291497287
44896670263071087521
45001377083109423437
85413159179170139137
38428168338216779893
10541280851835208667
62760368706279938303
23556425165527733047
84259140693989467751
68947882097733984473
96637317172997201089
86186136245545542457
47816528489742623243
41583922713164777381
94098108649708332409
87447319442411011117
19067873345394209449
46958040719387192453
51177666849240125221
52828702406143412873
82010722544022073279
96526779367444318103
70100675928195165619
58129630433340086639
39665974321101703529
78182394775993341649
53853582174588570809
36126583814051239027
55626191016358124941
16162373177765711531
17038418251159321987
21819322615131987919
88485188200200874609
23664634192700535803
85586803588203969683
62288952897527285389
14494265888778664621
27332370388053118249
16699354831351742551
50839174642186396421
24162130082980397813
11898113999605140481
11700149501540992489
76288487859281100979
84943734277957694077
49486196465485044619
93112373669819989451
20987199796360482467
97427174201860962583
88975668604172006857
15559724323762881919
91298305339586942567
70854410658970597453
53773402628069674843
13315007605094875181
81744121937820018829
66172942058766736847
46229021393217862301
36186199380847109129
51265870425325696631
62996097298519760201
96618886525647928483
16750737815190520121
71365502637242472163
25083823928250751591
41726898428517124063
19584388814859864077
41836816158802510693
12293719959829300457
12359733807460750637
38616445598601032167
45020283364920299831
33391380732241965973
47330264524847769007
66654571383369960101
78101301421725701363
99253379859532093049
95334174012957627173
39500210807257400861
46355105955416391467
76929029078011203329
13001740768083011237
99554263014110105741
70421387210795026421
76235479501228807363
78776085300822046637
55072659194176973137
17663210572637252939
70933970868808862443
37165994064055622627
21038781501886955039
15927610299101279587
93005080471148935171
14558044531956469667
72160286793962975779
98979748185080163223
39732504166544329223
10973691889040633219
22128845379769164947
79281029888859676187
18050397626765368759
76026628223083008271
37647467069002595009
87221592117083609519
69294594783881918767
91119937923566221493
79029084276248973049
48489776440719198259
10765440677165607841
19412426602871858473
60622315065026451817
66055665923271578887
96183342774507805759
82097186570673909979
21674128510441648919
18336822376722919319
38280965024122607041
16309352301253510529
95643791105382503363
76292001879097733041
27424902307665418727
81586009046353025359
13221999711027908651
19266107010609057883
72713352009545860463
48684316067694024659
69820809571611651437
12095936575991183549
52716867836753020871
21201215771430929719
82563529785615201949
52273843125888348527
26053896985817836243
17839444920697726093
63288077218102302133
74944595878225329979
70045028102160648619
66018621633684809669
65757490470041925427
36461020490639971003
29670620279748486163
82556801612101457309
25550720927695813127
57961085451343642247
17211009012151100411
28880729461506410359
61877286101111394341
33924878483107243309
10688829399458120453
69932394824419654453
22626148438623659119
12217182614332107457
13613731932380401457
17295793645135245217
20515148712030776651
85800839282743632739
45477573189779884019
96169356217524015649
44594544155811002471
16827714003021272947
98258366497669501369
43899079297227274429
68849802094541983223
73406346688207837781
44819040473995356559
24457173887336676911
83133581101419644797
10971060031234927607
86791656659905294579
50596572890266800517
50042640803488996111
20736919421959395481
16178535684954279401
90006319022630986919
56452688373815334371
39355021281414813847
49290844414844183849
65190383389513325003
24437713663501099789
10973815361076193781
64865440245551090681
74390081107808321927
84433744947589313021
61304895197336607797
18925981429508931083
40455024154296106609
17666998092777681799
55941140550033809633
78546544707992236199
72081481466666071021
78958092293044441159
29541832619270629769
77682165177613189247
90668059788394262639
82808805572121103183
58654544152818543959
38684367304463478569
49828116126133414429
94190165458397819429
29910175136774427701
61530060465417245161
84513825649184029097
27373491421087783973
90410951061097392503
67644149608391288767
96282715394534183261
58469327339762107493
50675835535804342613
11550309589632439603
46160985557408331641
16055550114045677953
41961055480461002393
22028716376463570329
97941864034443983507
12152658178450721291
96521702664759605237
43766199211663511347
30738593178798340513
26998662229710437633
19201506151557065299
41236036304929089293
68835827692553185541
77462055017093744651
61833838888526386817
91742432395546028483
11370418994199533269
66644967221277426689
93281799457001449153
34429087437337541227
32231267625362904361
24961993403217367087
73467426731518235083
59201054306218909187
53006716223986569769
32829205074154933907
79373220651783100499
88795366606592006743
44543620184822914387
63953334851576706391
40008672927339589639
22324686769184510461
28397785470223480973
26918072834317518593
88374112759272520511
94048573847945646733
68098110755617811983
34756042825810810043
64328073281067145349
57671557696882564261
92817060165514768043
19727883283711084121
45907299349057428577
44560855776364225327
13539393234695525273
30164540877685991321
24403482312455575909
42564179609746165997
15398258813046027839
69023406589323900209
42550591254648318043
38885295790037007007
19492001886562206629
68969852796208247909
68888221638135170897
86210810113379591987
93206447762201549189
88014629010515936921
63095731686286125913
11609877420365119927
48831408764869274639
28671233099955473609
42384396827912438491
64866100883747591293
25273521382457530789
42338197181041651033
81772142133291452467
54037865708639380487
21231379710672557449
11363202576371631859
13219818942464799299
28804123329122874493
61855114760234129941
49099291078416664279
99828943195327084007
53053921396117032613
59431351988021930339
69074083599366016679
72901046372899286291
88629095528618723033
10723616581256712533
87507531632552665723
15116076344333264393
68444534006720137667
26065756161555918763
90494688063720813503
19305936842231974771
34909624888995649763
15507995394721744627
17728614761936240017
39116025246420508513
18365443481586726361
70593714912331465663
34561962433162472311
13274750253280888433
69820627871239215629
60449586979946026001
42757433321871178283
22125126610806526547
32030485078351621867
13824848211179047739
63980510163041967983
93232581526444654519
54169893154789800529
19334009660084649919
50188445818844477849
65972312938543856941
18797342598514249619
19308946132598719733
69618426519774203299
97853744222124274897
29053176108669430169
31479618101021181043
17320855296260137231
62969814225744712549
88613948417680297253
46692453488570172089
15495450632463355777
15550829381240466637
13567097832416054777
52028804973501326261
88211368107512211269
85838268010730524841
67896182459591343433
41055796961677802209
51189583311834597523
75268364082519597133
17320762354247378617
24638706657799274011
17195756436981671467
91332285501857875381
26415324645025871717
54412849974902007923
73255186412705269943
20729852603981430391
43913023696448956417
21465196231905038947
19075094049625620271
93859434580849596473
25245351771598263089
17282882744278482179
32128117379565604417
51473902294454139623
27135857650975279667
15089496456714671743
37342136105198210183
69139201763303244343
66815863524538479641
77974000704302062627
61806954343733987417
88755310086460064833
99232221593919426953
12063511006081102801
15389972504073685373
91152990221858323963
16766556873953556347
41327285851703603681
92659488597257940307
38560924936569532843
56953077690090939121
15106542903480986249
61878695920209173123
32442465001492755413
42495698150332593191
19291151270300557511
26410305145266871291
73780503642361118923
49884057085622761663
56885045831689490483
54049826941048674509
11137761344199535789
36953461355721519253
31962410510520241429
13420839017568145957
63961732922805786317
46573538612567914109
10598815758169162789
97520953283436131017
44584569874356385931
58014261291474160009
92589326411385390361
41829526416319055761
62004463225943962531
34429433744731736177
78961046440084209061
82332765176022610841
19255081281710376841
61478059199726985289
15260861403276570647
67195834795447365947
58294244164850609471
10431170438340667559
42730548802071432683
29810461845577850449
37471812926945423101
16084673841412873201
16660114173737839631
20887295558894715857
91905660153182340901
50877665710561937903
46984672380805857959
12112557310147450031
62312033799499976183
43464460925344708181
59036199782868230201
69376236875692338079
48519716354911035853
10669693359090450931
96946017782017258447
72401651590444016297
51956562337729653743
18633131155722262859
25916995916504072287
74372110841894171597
13806062764505307509
85758065771694111421
69646276245308229853
56224173375629610149
17231615478262350101
10784004570329909537
91164113275714375987
61227997831234474627
12014682290340659011
15875873740994704523
10609981072223901457
11639526531325550413
38229078078194910859
12001777549906167497
81485227512514901587
70684259689393044053
42011455314238404809
48572671903506251299
34389308905521319147
31262163914528799349
14212458901531374763
68304738549775966039
62636901478773833011
60750583475889737303
82297334067092640239
30428310959286215953
39530471035042467017
58493150654196739211
78101546631322767829
95651476244604162251
84979236311515283719
82377894750756107941
64691733369528817177
91515671075856143189
73873787312908800769
67373302647368837281
39516370326922957421
35427632794536596233
83196592005404322101
90605438433661877647
63784076454969755009
95911358941825787383
37645361378192171011
84673803878890971467
12896353577997268693
36423129658224488681
34192260259762949833
74537821350453692089
90670322671474089149
95327420265270024121
89605673979382755577
40799757945755124353
80516928542645561623
11456177322978771661
36956247481457704307
81009060371861026381
95984472427823944883
31466405461958398147
74033239533419305459
74854075083022751687
94972379100679818347
15264616753597254677
13904286276299324047
66352067863267023727
74912242410246893747
60003567668153291239
11977096550800006207
90446744626321442951
89466028124204996443
20713751780395561519
41218588279785761431
51791069471701510999
11112890900853981649
98769651085891881643
18895521265309472323
68337547866508823489
87806717858904370939
34222600125756328981
58525730136905273441
83936799083991114271
95189619194439557257
27835238090019670313
53526708476284976767
33185370789016170853
10633499112763786199
14569960584707598569
54683675479945147843
58331635311632887969
77160824251715373847
77940946503305005051
10249630708324094317
94058179563158856281
93200899401004710509
63227523626481316819
39998543955280459499
98381851492341135853
31795159693295755907
10136121373978802431
58538543161966341989
13018430476528078991
15507715391616527213
11641529700778224061
17990282849695632919
49459580153596301849
56418050190180418637
20884210891189826597
12149787237492945373
14732080789964942203
20011140140555477449
30289374012834494377
25567611077380199057
23709995894760546689
18526770717537993983
54062058841358586059
49721479617886318259
76618506890695305863
68535068704547964719
63693436174148923843
88381776427870718677
